n/a;#min;sec;pow;minpow;maxpow;at;are;cd;min_a;max_a;rng;aim;dur;vlc;kbk;pnc;cnt;ang;chg;col;int;pre;#;mvm;hp;hpr;%red;%res;kkres;stares;hit;eol;xpdrop;eol;gmin;gmax;eol;brok;comm;rare;epic;myth;immo;eol;#;#chart;;;;;;;;;;;;;;;;;;;;;;;;;;;;;;;;;;;;;;;;;;;;;;;;;;;;;;;;;;;;;;;;;;;;;;;;;;;;;;;;;;;;;;;;;;;;;;;;;;;
;12:00:00 AM;0;0;0;0;0;0;0;0;0;0;0;0;0;0;0;0;0;0;0;0;0;;0;0;0;0;0;0;0;0;0;0;0;0;0;0;0;0;0;0;0;0;0;;0;;;;;;;;;;;;;;;;;;;;;;;;;;;;;;;;;;;;;;;;;;;;;;;;;;;;;;;;;;;;;;;;;;;;;;;;;;;;;;;;;;;;;;;;;;;;;;;;;;;
;12:01:00 AM;60;0;0.09;0.09;0.09;0.09;0.09;0.09;0.09;0.09;0.09;0.09;0.09;0.09;0.09;0.09;0.09;0.09;0.09;0.09;0.09;;0.09;0.06;0.06;0.09;0.09;0.09;0.09;0.09;0;0.05;0;0.05;0.05;0;0.05;0.05;0.05;0.05;0.05;0.05;0;;0.05;;;;;;;;;;;;;;;;;;;;;;;;;;;;;;;;;;;;;;;;;;;;;;;;;;;;;;;;;;;;;;;;;;;;;;;;;;;;;;;;;;;;;;;;;;;;;;;;;;;
;12:02:00 AM;120;0;0.17;0.17;0.17;0.17;0.17;0.17;0.17;0.17;0.17;0.17;0.17;0.17;0.17;0.17;0.17;0.17;0.17;0.17;0.17;;0.17;0.22;0.22;0.17;0.17;0.17;0.17;0.17;0;0.1;0;0.1;0.1;0;0.1;0.1;0.1;0.1;0.1;0.1;0;;0.1;;;;;;;;;;;;;;;;;;;;;;;;;;;;;;;;;;;;;;;;;;;;;;;;;;;;;;;;;;;;;;;;;;;;;;;;;;;;;;;;;;;;;;;;;;;;;;;;;;;
;12:03:00 AM;180;0;0.24;0.24;0.24;0.24;0.24;0.24;0.24;0.24;0.24;0.24;0.24;0.24;0.24;0.24;0.24;0.24;0.24;0.24;0.24;;0.24;0.28;0.28;0.24;0.24;0.24;0.24;0.24;0;0.15;0;0.15;0.15;0;0.15;0.15;0.15;0.15;0.15;0.15;0;;0.15;;;;;;;;;;;;;;;;;;;;;;;;;;;;;;;;;;;;;;;;;;;;;;;;;;;;;;;;;;;;;;;;;;;;;;;;;;;;;;;;;;;;;;;;;;;;;;;;;;;
;12:04:00 AM;240;0;0.31;0.31;0.31;0.31;0.31;0.31;0.31;0.31;0.31;0.31;0.31;0.31;0.31;0.31;0.31;0.31;0.31;0.31;0.31;;0.31;0.33;0.33;0.31;0.31;0.31;0.31;0.31;0;0.2;0;0.2;0.2;0;0.2;0.2;0.2;0.2;0.2;0.2;0;;0.2;;;;;;;;;;;;;;;;;;;;;;;;;;;;;;;;;;;;;;;;;;;;;;;;;;;;;;;;;;;;;;;;;;;;;;;;;;;;;;;;;;;;;;;;;;;;;;;;;;;
;12:05:00 AM;300;0;0.37;0.37;0.37;0.37;0.37;0.37;0.37;0.37;0.37;0.37;0.37;0.37;0.37;0.37;0.37;0.37;0.37;0.37;0.37;;0.37;0.38;0.38;0.37;0.37;0.37;0.37;0.37;0;0.25;0;0.25;0.25;0;0.25;0.25;0.25;0.25;0.25;0.25;0;;0.25;;;;;;;;;;;;;;;;;;;;;;;;;;;;;;;;;;;;;;;;;;;;;;;;;;;;;;;;;;;;;;;;;;;;;;;;;;;;;;;;;;;;;;;;;;;;;;;;;;;
;12:06:00 AM;360;0;0.43;0.43;0.43;0.43;0.43;0.43;0.43;0.43;0.43;0.43;0.43;0.43;0.43;0.43;0.43;0.43;0.43;0.43;0.43;;0.43;0.43;0.43;0.43;0.43;0.43;0.43;0.43;0;0.3;0;0.3;0.3;0;0.3;0.3;0.3;0.3;0.3;0.3;0;;0.3;;;;;;;;;;;;;;;;;;;;;;;;;;;;;;;;;;;;;;;;;;;;;;;;;;;;;;;;;;;;;;;;;;;;;;;;;;;;;;;;;;;;;;;;;;;;;;;;;;;
;12:07:00 AM;420;0;0.48;0.48;0.48;0.48;0.48;0.48;0.48;0.48;0.48;0.48;0.48;0.48;0.48;0.48;0.48;0.48;0.48;0.48;0.48;;0.48;0.48;0.48;0.48;0.48;0.48;0.48;0.48;0;0.35;0;0.35;0.35;0;0.35;0.35;0.35;0.35;0.35;0.35;0;;0.35;;;;;;;;;;;;;;;;;;;;;;;;;;;;;;;;;;;;;;;;;;;;;;;;;;;;;;;;;;;;;;;;;;;;;;;;;;;;;;;;;;;;;;;;;;;;;;;;;;;
;12:08:00 AM;480;0;0.53;0.53;0.53;0.53;0.53;0.53;0.53;0.53;0.53;0.53;0.53;0.53;0.53;0.53;0.53;0.53;0.53;0.53;0.53;;0.53;0.53;0.53;0.53;0.53;0.53;0.53;0.53;0;0.4;0;0.4;0.4;0;0.4;0.4;0.4;0.4;0.4;0.4;0;;0.4;;;;;;;;;;;;;;;;;;;;;;;;;;;;;;;;;;;;;;;;;;;;;;;;;;;;;;;;;;;;;;;;;;;;;;;;;;;;;;;;;;;;;;;;;;;;;;;;;;;
;12:09:00 AM;540;0;0.58;0.58;0.58;0.58;0.58;0.58;0.58;0.58;0.58;0.58;0.58;0.58;0.58;0.58;0.58;0.58;0.58;0.58;0.58;;0.58;0.58;0.58;0.58;0.58;0.58;0.58;0.58;0;0.45;0;0.45;0.45;0;0.45;0.45;0.45;0.45;0.45;0.45;0;;0.45;;;;;;;;;;;;;;;;;;;;;;;;;;;;;;;;;;;;;;;;;;;;;;;;;;;;;;;;;;;;;;;;;;;;;;;;;;;;;;;;;;;;;;;;;;;;;;;;;;;
;12:10:00 AM;600;0;0.63;0.63;0.63;0.63;0.63;0.63;0.63;0.63;0.63;0.63;0.63;0.63;0.63;0.63;0.63;0.63;0.63;0.63;0.63;;0.63;0.63;0.63;0.63;0.63;0.63;0.63;0.63;0;0.5;0;0.5;0.5;0;0.5;0.5;0.5;0.5;0.5;0.5;0;;0.5;;;;;;;;;;;;;;;;;;;;;;;;;;;;;;;;;;;;;;;;;;;;;;;;;;;;;;;;;;;;;;;;;;;;;;;;;;;;;;;;;;;;;;;;;;;;;;;;;;;
;12:11:00 AM;660;0;0.67;0.67;0.67;0.67;0.67;0.67;0.67;0.67;0.67;0.67;0.67;0.67;0.67;0.67;0.67;0.67;0.67;0.67;0.67;;0.67;0.67;0.67;0.67;0.67;0.67;0.67;0.67;0;0.55;0;0.55;0.55;0;0.55;0.55;0.55;0.55;0.55;0.55;0;;0.55;;;;;;;;;;;;;;;;;;;;;;;;;;;;;;;;;;;;;;;;;;;;;;;;;;;;;;;;;;;;;;;;;;;;;;;;;;;;;;;;;;;;;;;;;;;;;;;;;;;
;12:12:00 AM;720;0;0.71;0.71;0.71;0.71;0.71;0.71;0.71;0.71;0.71;0.71;0.71;0.71;0.71;0.71;0.71;0.71;0.71;0.71;0.71;;0.71;0.71;0.71;0.71;0.71;0.71;0.71;0.71;0;0.6;0;0.6;0.6;0;0.6;0.6;0.6;0.6;0.6;0.6;0;;0.6;;;;;;;;;;;;;;;;;;;;;;;;;;;;;;;;;;;;;;;;;;;;;;;;;;;;;;;;;;;;;;;;;;;;;;;;;;;;;;;;;;;;;;;;;;;;;;;;;;;
;12:13:00 AM;780;0;0.75;0.75;0.75;0.75;0.75;0.75;0.75;0.75;0.75;0.75;0.75;0.75;0.75;0.75;0.75;0.75;0.75;0.75;0.75;;0.75;0.75;0.75;0.75;0.75;0.75;0.75;0.75;0;0.65;0;0.65;0.65;0;0.65;0.65;0.65;0.65;0.65;0.65;0;;0.65;;;;;;;;;;;;;;;;;;;;;;;;;;;;;;;;;;;;;;;;;;;;;;;;;;;;;;;;;;;;;;;;;;;;;;;;;;;;;;;;;;;;;;;;;;;;;;;;;;;
;12:14:00 AM;840;0;0.79;0.79;0.79;0.79;0.79;0.79;0.79;0.79;0.79;0.79;0.79;0.79;0.79;0.79;0.79;0.79;0.79;0.79;0.79;;0.79;0.79;0.79;0.79;0.79;0.79;0.79;0.79;0;0.7;0;0.7;0.7;0;0.7;0.7;0.7;0.7;0.7;0.7;0;;0.7;;;;;;;;;;;;;;;;;;;;;;;;;;;;;;;;;;;;;;;;;;;;;;;;;;;;;;;;;;;;;;;;;;;;;;;;;;;;;;;;;;;;;;;;;;;;;;;;;;;
;12:15:00 AM;900;0;0.83;0.83;0.83;0.83;0.83;0.83;0.83;0.83;0.83;0.83;0.83;0.83;0.83;0.83;0.83;0.83;0.83;0.83;0.83;;0.83;0.83;0.83;0.83;0.83;0.83;0.83;0.83;0;0.75;0;0.75;0.75;0;0.75;0.75;0.75;0.75;0.75;0.75;0;;0.75;;;;;;;;;;;;;;;;;;;;;;;;;;;;;;;;;;;;;;;;;;;;;;;;;;;;;;;;;;;;;;;;;;;;;;;;;;;;;;;;;;;;;;;;;;;;;;;;;;;
;12:16:00 AM;960;0;0.87;0.87;0.87;0.87;0.87;0.87;0.87;0.87;0.87;0.87;0.87;0.87;0.87;0.87;0.87;0.87;0.87;0.87;0.87;;0.87;0.87;0.87;0.87;0.87;0.87;0.87;0.87;0;0.8;0;0.8;0.8;0;0.8;0.8;0.8;0.8;0.8;0.8;0;;0.8;;;;;;;;;;;;;;;;;;;;;;;;;;;;;;;;;;;;;;;;;;;;;;;;;;;;;;;;;;;;;;;;;;;;;;;;;;;;;;;;;;;;;;;;;;;;;;;;;;;
;12:17:00 AM;1020;0;0.91;0.91;0.91;0.91;0.91;0.91;0.91;0.91;0.91;0.91;0.91;0.91;0.91;0.91;0.91;0.91;0.91;0.91;0.91;;0.91;0.91;0.91;0.91;0.91;0.91;0.91;0.91;0;0.85;0;0.85;0.85;0;0.85;0.85;0.85;0.85;0.85;0.85;0;;0.85;;;;;;;;;;;;;;;;;;;;;;;;;;;;;;;;;;;;;;;;;;;;;;;;;;;;;;;;;;;;;;;;;;;;;;;;;;;;;;;;;;;;;;;;;;;;;;;;;;;
;12:18:00 AM;1080;0;0.94;0.94;0.94;0.94;0.94;0.94;0.94;0.94;0.94;0.94;0.94;0.94;0.94;0.94;0.94;0.94;0.94;0.94;0.94;;0.94;0.94;0.94;0.94;0.94;0.94;0.94;0.94;0;0.9;0;0.9;0.9;0;0.9;0.9;0.9;0.9;0.9;0.9;0;;0.9;;;;;;;;;;;;;;;;;;;;;;;;;;;;;;;;;;;;;;;;;;;;;;;;;;;;;;;;;;;;;;;;;;;;;;;;;;;;;;;;;;;;;;;;;;;;;;;;;;;
;12:19:00 AM;1140;0;0.97;0.97;0.97;0.97;0.97;0.97;0.97;0.97;0.97;0.97;0.97;0.97;0.97;0.97;0.97;0.97;0.97;0.97;0.97;;0.97;0.97;0.97;0.97;0.97;0.97;0.97;0.97;0;0.95;0;0.95;0.95;0;0.95;0.95;0.95;0.95;0.95;0.95;0;;0.95;;;;;;;;;;;;;;;;;;;;;;;;;;;;;;;;;;;;;;;;;;;;;;;;;;;;;;;;;;;;;;;;;;;;;;;;;;;;;;;;;;;;;;;;;;;;;;;;;;;
;12:20:00 AM;1200;0;1;1;1;1;1;1;1;1;1;1;1;1;1;1;1;1;1;1;1;;1;1;1;1;1;1;1;1;0;1;0;1;1;0;1;1;1;1;1;1;0;;1;;;;;;;;;;;;;;;;;;;;;;;;;;;;;;;;;;;;;;;;;;;;;;;;;;;;;;;;;;;;;;;;;;;;;;;;;;;;;;;;;;;;;;;;;;;;;;;;;;;
